((浙江省,金华市),(0,0,0,0,0.0,0.0))
((浙江省,温州市),(0,0,0,0,0.0,0.0))
((内蒙古自治区,赤峰市),(0,0,0,0,0.0,0.0))
((河南省,洛阳市),(0,0,0,0,0.0,0.0))
((新疆维吾尔自治区,克孜勒苏柯尔克孜自治未知),(0,0,0,0,0.0,0.0))
((陕西省,宝鸡市),(0,0,0,0,0.0,0.0))
((山西省,大同市),(0,0,0,0,0.0,0.0))
((黑龙江省,牡丹江市),(0,0,0,0,0.0,0.0))
((辽宁省,营口市),(0,0,0,0,0.0,0.0))
((四川省,德阳市),(0,0,0,0,0.0,0.0))
((江西省,上饶市),(0,0,0,0,0.0,0.0))
((新疆维吾尔自治区,巴音郭楞蒙古自治州),(0,0,0,0,0.0,0.0))
((黑龙江省,齐齐哈尔市),(0,0,0,0,0.0,0.0))
((西藏自治区,未知),(0,0,0,0,0.0,0.0))
((河南省,濮阳市),(0,0,0,0,0.0,0.0))
((山东省,莱芜市),(0,0,0,0,0.0,0.0))
((江苏省,南京市),(0,0,0,0,0.0,0.0))
((江苏省,镇江市),(0,0,0,0,0.0,0.0))
((浙江省,衢州市),(0,0,0,0,0.0,0.0))
((江苏省,苏州市),(0,0,0,0,0.0,0.0))
((青海省,黄南藏族自治州),(0,0,0,0,0.0,0.0))
((辽宁省,丹东市),(0,0,0,0,0.0,0.0))
((河北省,邢台市),(0,0,0,0,0.0,0.0))
((广东省,深圳市),(0,0,0,0,0.0,0.0))
((湖北省,孝感市),(0,0,0,0,0.0,0.0))
((黑龙江省,黑河市),(0,0,0,0,0.0,0.0))
((河南省,信阳市),(0,0,0,0,0.0,0.0))
((天津市,天津市),(0,0,0,0,0.0,0.0))
((安徽省,宣城市),(0,0,0,0,0.0,0.0))
((内蒙古自治区,乌兰察布市),(0,0,0,0,0.0,0.0))
((贵州省,未知),(0,0,0,0,0.0,0.0))
((甘肃省,武威市),(0,0,0,0,0.0,0.0))
((广东省,河源市),(0,0,0,0,0.0,0.0))
((新疆维吾尔自治区,伊犁哈萨克自治州),(0,0,0,0,0.0,0.0))
((浙江省,杭州市),(0,0,0,0,0.0,0.0))
((陕西省,铜川市),(0,0,0,0,0.0,0.0))
((浙江省,台州市),(0,0,0,0,0.0,0.0))
((福建省,莆田市),(0,0,0,0,0.0,0.0))
((辽宁省,阜新市),(0,0,0,0,0.0,0.0))
((湖南省,湘潭市),(0,0,0,0,0.0,0.0))
((山西省,阳泉市),(0,0,0,0,0.0,0.0))
((河南省,焦作市),(0,0,0,0,0.0,0.0))
((广东省,清远市),(0,0,0,0,0.0,0.0))
((四川省,自贡市),(0,0,0,0,0.0,0.0))
((福建省,厦门市),(0,0,0,0,0.0,0.0))
((山西省,朔州市),(0,0,0,0,0.0,0.0))
((内蒙古自治区,未知),(0,0,0,0,0.0,0.0))
((宁夏回族自治区,吴忠市),(0,0,0,0,0.0,0.0))
((河南省,开封市),(0,0,0,0,0.0,0.0))
((广东省,汕头市),(0,0,0,0,0.0,0.0))
((福建省,三明市),(0,0,0,0,0.0,0.0))
((安徽省,芜湖市),(0,0,0,0,0.0,0.0))
((新疆维吾尔自治区,和田地区),(0,0,0,0,0.0,0.0))
((山东省,菏泽市),(0,0,0,0,0.0,0.0))
((山西省,运城市),(0,0,0,0,0.0,0.0))
((新疆维吾尔自治区,未知),(0,0,0,0,0.0,0.0))
((新疆维吾尔自治区,塔城地区),(0,0,0,0,0.0,0.0))
((新疆维吾尔自治区,博尔塔拉蒙古自治州),(0,0,0,0,0.0,0.0))
((宁夏回族自治区,未知),(0,0,0,0,0.0,0.0))
((山东省,临沂市),(0,0,0,0,0.0,0.0))
((甘肃省,白银市),(0,0,0,0,0.0,0.0))
((宁夏回族自治区,固原市),(0,0,0,0,0.0,0.0))
((安徽省,宿州市),(0,0,0,0,0.0,0.0))
((内蒙古自治区,包头市),(0,0,0,0,0.0,0.0))
((四川省,雅安市),(0,0,0,0,0.0,0.0))
((青海省,海南藏族自治州),(0,0,0,0,0.0,0.0))
((河南省,三门峡市),(0,0,0,0,0.0,0.0))
((云南省,丽江市),(0,0,0,0,0.0,0.0))
((甘肃省,嘉峪关市),(0,0,0,0,0.0,0.0))
