((山西省,未知),(0,0,0,0,0.0,0.0))
((河北省,秦皇岛市),(0,0,0,0,0.0,0.0))
((湖北省,黄石市),(0,0,0,0,0.0,0.0))
((广西壮族自治区,贵港市),(0,0,0,0,0.0,0.0))
((辽宁省,未知),(0,0,0,0,0.0,0.0))
((江苏省,南通市),(0,0,0,0,0.0,0.0))
((新疆维吾尔自治区,哈密地区),(0,0,0,0,0.0,0.0))
((甘肃省,定西市),(0,0,0,0,0.0,0.0))
((江苏省,宿迁市),(0,0,0,0,0.0,0.0))
((新疆维吾尔自治区,阿勒泰地区),(0,0,0,0,0.0,0.0))
((浙江省,宁波市),(0,0,0,0,0.0,0.0))
((青海省,未知),(0,0,0,0,0.0,0.0))
((湖南省,邵阳市),(0,0,0,0,0.0,0.0))
((黑龙江省,大庆市),(0,0,0,0,0.0,0.0))
((四川省,绵阳市),(0,0,0,0,0.0,0.0))
((四川省,阿坝藏族羌族自治州),(0,0,0,0,0.0,0.0))
((山西省,晋城市),(0,0,0,0,0.0,0.0))
((四川省,广安市),(0,0,0,0,0.0,0.0))
((广东省,阳江市),(0,0,0,0,0.0,0.0))
((云南省,文山壮族苗族自治州),(0,0,0,0,0.0,0.0))
((吉林省,未知),(0,0,0,0,0.0,0.0))
((江西省,吉安市),(0,0,0,0,0.0,0.0))
((云南省,昭通市),(0,0,0,0,0.0,0.0))
((浙江省,舟山市),(0,0,0,0,0.0,0.0))
((云南省,玉溪市),(0,0,0,0,0.0,0.0))
((陕西省,商洛市),(0,0,0,0,0.0,0.0))
((宁夏回族自治区,银川市),(0,0,0,0,0.0,0.0))
((内蒙古自治区,呼伦贝尔市),(0,0,0,0,0.0,0.0))
((广东省,江门市),(0,0,0,0,0.0,0.0))
((内蒙古自治区,巴彦淖尔市),(0,0,0,0,0.0,0.0))
((湖南省,郴州市),(0,0,0,0,0.0,0.0))
((吉林省,松原市),(0,0,0,0,0.0,0.0))
((浙江省,湖州市),(0,0,0,0,0.0,0.0))
((河南省,驻马店市),(0,0,0,0,0.0,0.0))
((西藏自治区,山南地区),(0,0,0,0,0.0,0.0))
((广东省,未知),(0,0,0,0,0.0,0.0))
((吉林省,白山市),(0,0,0,0,0.0,0.0))
((内蒙古自治区,呼和浩特市),(0,0,0,0,0.0,0.0))
((安徽省,铜陵市),(0,0,0,0,0.0,0.0))
((黑龙江省,绥化市),(0,0,0,0,0.0,0.0))
((湖北省,荆门市),(0,0,0,0,0.0,0.0))
((贵州省,黔西南布依族苗族自治未知),(0,0,0,0,0.0,0.0))
((安徽省,未知),(0,0,0,0,0.0,0.0))
((云南省,德宏傣族景颇族自治州),(0,0,0,0,0.0,0.0))
((山东省,青岛市),(0,0,0,0,0.0,0.0))
((河南省,郑州市),(0,0,0,0,0.0,0.0))
((山东省,未知),(0,0,0,0,0.0,0.0))
((山西省,太原市),(0,0,0,0,0.0,0.0))
((广东省,广州市),(0,0,0,0,0.0,0.0))
((四川省,遂宁市),(0,0,0,0,0.0,0.0))
((湖南省,未知),(0,0,0,0,0.0,0.0))
((江西省,南昌市),(0,0,0,0,0.0,0.0))
((甘肃省,张掖市),(0,0,0,0,0.0,0.0))
((湖北省,武汉市),(0,0,0,0,0.0,0.0))
((四川省,内江市),(0,0,0,0,0.0,0.0))
((河南省,平顶山市),(0,0,0,0,0.0,0.0))
((吉林省,白城市),(0,0,0,0,0.0,0.0))
((内蒙古自治区,兴安盟),(0,0,0,0,0.0,0.0))
((广西壮族自治区,桂林市),(0,0,0,0,0.0,0.0))
