((贵州省,六盘水市),(0,0,0,0,0.0,0.0))
((湖南省,株洲市),(0,0,0,0,0.0,0.0))
((四川省,乐山市),(0,0,0,0,0.0,0.0))
((安徽省,淮北市),(0,0,0,0,0.0,0.0))
((山西省,临汾市),(0,0,0,0,0.0,0.0))
((甘肃省,庆阳市),(0,0,0,0,0.0,0.0))
((云南省,红河哈尼族彝族自治州),(0,0,0,0,0.0,0.0))
((广西壮族自治区,河池市),(0,0,0,0,0.0,0.0))
((四川省,凉山彝族自治州),(0,0,0,0,0.0,0.0))
((黑龙江省,哈尔滨市),(0,0,0,0,0.0,0.0))
((陕西省,延安市),(0,0,0,0,0.0,0.0))
((河南省,许昌市),(0,0,0,0,0.0,0.0))
((贵州省,遵义市),(0,0,0,0,0.0,0.0))
((河北省,唐山市),(0,0,0,0,0.0,0.0))
((未知,未知),(0,0,0,0,0.0,0.0))
((浙江省,绍兴市),(0,0,0,0,0.0,0.0))
((四川省,资阳市),(0,0,0,0,0.0,0.0))
((云南省,怒江傈僳族自治州),(0,0,0,0,0.0,0.0))
((河北省,石家庄市),(0,0,0,0,0.0,0.0))
((陕西省,西安市),(0,0,0,0,0.0,0.0))
((贵州省,安顺市),(0,0,0,0,0.0,0.0))
((山东省,日照市),(0,0,0,0,0.0,0.0))
((辽宁省,沈阳市),(0,0,0,0,0.0,0.0))
((湖南省,娄底市),(0,0,0,0,0.0,0.0))
((江苏省,无锡市),(0,0,0,0,0.0,0.0))
((湖北省,未知),(0,0,0,0,0.0,0.0))
((安徽省,池州市),(0,0,0,0,0.0,0.0))
((云南省,保山市),(0,0,0,0,0.0,0.0))
((吉林省,吉林市),(0,0,0,0,0.0,0.0))
((广东省,中山市),(0,0,0,0,0.0,0.0))
((辽宁省,辽阳市),(0,0,0,0,0.0,0.0))
((甘肃省,兰州市),(0,0,0,0,0.0,0.0))
((浙江省,未知),(0,0,0,0,0.0,0.0))
((江苏省,泰州市),(0,0,0,0,0.0,0.0))
((湖南省,衡阳市),(0,0,0,0,0.0,0.0))
((福建省,宁德市),(0,0,0,0,0.0,0.0))
((陕西省,渭南市),(0,0,0,0,0.0,0.0))
((海南省,三亚市),(0,0,0,0,0.0,0.0))
((青海省,海北藏族自治州),(0,0,0,0,0.0,0.0))
((河南省,安阳市),(0,0,0,0,0.0,0.0))
((西藏自治区,昌都地区),(0,0,0,0,0.0,0.0))
((广东省,梅州市),(0,0,0,0,0.0,0.0))
((湖北省,十堰市),(0,0,0,0,0.0,0.0))
((山东省,枣庄市),(0,0,0,0,0.0,0.0))
((江苏省,未知),(0,0,0,0,0.0,0.0))
((湖北省,随州市),(0,0,0,0,0.0,0.0))
((云南省,大理白族自治州),(0,0,0,0,0.0,0.0))
((澳门特别行政区,澳门特别行政区),(0,0,0,0,0.0,0.0))
((吉林省,延边朝鲜族自治州),(0,0,0,0,0.0,0.0))
((云南省,临沧市),(0,0,0,0,0.0,0.0))
((广西壮族自治区,梧州市),(0,0,0,0,0.0,0.0))
((辽宁省,铁岭市),(0,0,0,0,0.0,0.0))
