((安徽省,六安市),(0,0,0,0,0.0,0.0))
((河南省,商丘市),(0,0,0,0,0.0,0.0))
((甘肃省,金昌市),(0,0,0,0,0.0,0.0))
((西藏自治区,林芝地区),(0,0,0,0,0.0,0.0))
((宁夏回族自治区,石嘴山市),(0,0,0,0,0.0,0.0))
((甘肃省,平凉市),(0,0,0,0,0.0,0.0))
((云南省,昆明市),(0,0,0,0,0.0,0.0))
((广东省,汕尾市),(0,0,0,0,0.0,0.0))
((湖北省,黄冈市),(0,0,0,0,0.0,0.0))
((陕西省,榆林市),(0,0,0,0,0.0,0.0))
((浙江省,嘉兴市),(0,0,0,0,0.0,0.0))
((黑龙江省,大兴安岭地区),(0,0,0,0,0.0,0.0))
((吉林省,辽源市),(0,0,0,0,0.0,0.0))
((广西壮族自治区,南宁市),(0,0,0,0,0.0,0.0))
((陕西省,汉中市),(0,0,0,0,0.0,0.0))
((江西省,九江市),(0,0,0,0,0.0,0.0))
((湖南省,常德市),(0,0,0,0,0.0,0.0))
((山东省,济宁市),(0,0,0,0,0.0,0.0))
((陕西省,安康市),(0,0,0,0,0.0,0.0))
((宁夏回族自治区,中卫市),(0,0,0,0,0.0,0.0))
((河南省,周口市),(0,0,0,0,0.0,0.0))
((云南省,普洱市),(0,0,0,0,0.0,0.0))
((山西省,晋中市),(0,0,0,0,0.0,0.0))
((湖南省,永州市),(0,0,0,0,0.0,0.0))
((内蒙古自治区,鄂尔多斯市),(0,0,0,0,0.0,0.0))
((山东省,淄博市),(0,0,0,0,0.0,0.0))
((辽宁省,盘锦市),(0,0,0,0,0.0,0.0))
((新疆维吾尔自治区,喀什地区),(0,0,0,0,0.0,0.0))
((江西省,萍乡市),(0,0,0,0,0.0,0.0))
((四川省,巴中市),(0,0,0,0,0.0,0.0))
((甘肃省,酒泉市),(0,0,0,0,0.0,0.0))
((湖南省,长沙市),(0,0,0,0,0.0,0.0))
((广东省,惠州市),(0,0,0,0,0.0,0.0))
((湖北省,恩施土家族苗族自治州),(0,0,0,0,0.0,0.0))
((江苏省,徐州市),(0,0,0,0,0.0,0.0))
((江苏省,连云港市),(0,0,0,0,0.0,0.0))
((广西壮族自治区,北海市),(0,0,0,0,0.0,0.0))
((广西壮族自治区,贺州市),(0,0,0,0,0.0,0.0))
((陕西省,咸阳市),(0,0,0,0,0.0,0.0))
((湖北省,鄂州市),(0,0,0,0,0.0,0.0))
((山东省,聊城市),(0,0,0,0,0.0,0.0))
((安徽省,滁州市),(0,0,0,0,0.0,0.0))
((山西省,吕梁市),(0,0,0,0,0.0,0.0))
((湖北省,宜昌市),(0,0,0,0,0.0,0.0))
((江西省,景德镇市),(0,0,0,0,0.0,0.0))
((广西壮族自治区,来宾市),(0,0,0,0,0.0,0.0))
((广西壮族自治区,玉林市),(0,0,0,0,0.0,0.0))
((河南省,鹤壁市),(0,0,0,0,0.0,0.0))
((广西壮族自治区,崇左市),(0,0,0,0,0.0,0.0))
((湖南省,岳阳市),(0,0,0,0,0.0,0.0))
((湖南省,湘西土家族苗族自治州),(0,0,0,0,0.0,0.0))
((黑龙江省,未知),(0,0,0,0,0.0,0.0))
((河北省,邯郸市),(0,0,0,0,0.0,0.0))
((江西省,未知),(0,0,0,0,0.0,0.0))
((江西省,赣州市),(0,0,0,0,0.0,0.0))
((江西省,新余市),(0,0,0,0,0.0,0.0))
((辽宁省,朝阳市),(0,0,0,0,0.0,0.0))
((吉林省,长春市),(0,0,0,0,0.0,0.0))
((山东省,威海市),(0,0,0,0,0.0,0.0))
((重庆市,重庆市),(0,0,0,0,0.0,0.0))
((山东省,潍坊市),(0,0,0,0,0.0,0.0))
((广东省,潮州市),(0,0,0,0,0.0,0.0))
((上海市,上海市),(0,0,0,0,0.0,0.0))
((江西省,抚州市),(0,0,0,0,0.0,0.0))
