((湖北省,襄樊市),(0,0,0,0,0.0,0.0))
((福建省,漳州市),(0,0,0,0,0.0,0.0))
((云南省,曲靖市),(0,0,0,0,0.0,0.0))
((山东省,烟台市),(0,0,0,0,0.0,0.0))
((广东省,云浮市),(0,0,0,0,0.0,0.0))
((黑龙江省,双鸭山市),(0,0,0,0,0.0,0.0))
((西藏自治区,拉萨市),(0,0,0,0,0.0,0.0))
((广东省,韶关市),(0,0,0,0,0.0,0.0))
((广西壮族自治区,钦州市),(0,0,0,0,0.0,0.0))
((江苏省,扬州市),(0,0,0,0,0.0,0.0))
((海南省,未知),(0,0,0,0,0.0,0.0))
((福建省,南平市),(0,0,0,0,0.0,0.0))
((山西省,长治市),(0,0,0,0,0.0,0.0))
((江西省,鹰潭市),(0,0,0,0,0.0,0.0))
((广东省,茂名市),(0,0,0,0,0.0,0.0))
((安徽省,马鞍山市),(0,0,0,0,0.0,0.0))
((安徽省,黄山市),(0,0,0,0,0.0,0.0))
((湖南省,张家界市),(0,0,0,0,0.0,0.0))
((辽宁省,大连市),(0,0,0,0,0.0,0.0))
((贵州省,黔东南苗族侗族自治州),(0,0,0,0,0.0,0.0))
((新疆维吾尔自治区,昌吉回族自治州),(0,0,0,0,0.0,0.0))
((山东省,济南市),(0,0,0,0,0.0,0.0))
((湖南省,益阳市),(0,0,0,0,0.0,0.0))
((新疆维吾尔自治区,阿克苏地区),(0,0,0,0,0.0,0.0))
((广东省,佛山市),(0,0,0,0,0.0,0.0))
((吉林省,通化市),(0,0,0,0,0.0,0.0))
((辽宁省,锦州市),(0,0,0,0,0.0,0.0))
((湖北省,咸宁市),(0,0,0,0,0.0,0.0))
((黑龙江省,伊春市),(0,0,0,0,0.0,0.0))
((四川省,未知),(0,0,0,0,0.0,0.0))
((新疆维吾尔自治区,吐鲁番地区),(0,0,0,0,0.0,0.0))
((江苏省,常州市),(0,0,0,0,0.0,0.0))
((河南省,南阳市),(0,0,0,0,0.0,0.0))
((青海省,果洛藏族自治州),(0,0,0,0,0.0,0.0))
((安徽省,淮南市),(0,0,0,0,0.0,0.0))
((江苏省,淮安市),(0,0,0,0,0.0,0.0))
((青海省,西宁市),(0,0,0,0,0.0,0.0))
((四川省,攀枝花市),(0,0,0,0,0.0,0.0))
((内蒙古自治区,锡林郭勒盟),(0,0,0,0,0.0,0.0))
((内蒙古自治区,通辽市),(0,0,0,0,0.0,0.0))
((黑龙江省,佳木斯市),(0,0,0,0,0.0,0.0))
((河北省,承德市),(0,0,0,0,0.0,0.0))
((内蒙古自治区,阿拉善盟),(0,0,0,0,0.0,0.0))
((安徽省,蚌埠市),(0,0,0,0,0.0,0.0))
((广西壮族自治区,百色市),(0,0,0,0,0.0,0.0))
((河南省,未知),(0,0,0,0,0.0,0.0))
((青海省,海西蒙古族藏族自治州),(0,0,0,0,0.0,0.0))
((陕西省,未知),(0,0,0,0,0.0,0.0))
((黑龙江省,七台河市),(0,0,0,0,0.0,0.0))
((台湾省,未知),(0,0,0,0,0.0,0.0))
((河南省,新乡市),(0,0,0,0,0.0,0.0))
((新疆维吾尔自治区,乌鲁木齐市),(0,0,0,0,0.0,0.0))
((山东省,东营市),(0,0,0,0,0.0,0.0))
((辽宁省,葫芦岛市),(0,0,0,0,0.0,0.0))
((河北省,张家口市),(0,0,0,0,0.0,0.0))
((山西省,忻州市),(0,0,0,0,0.0,0.0))
((浙江省,丽水市),(0,0,0,0,0.0,0.0))
((河北省,沧州市),(0,0,0,0,0.0,0.0))
((黑龙江省,鹤岗市),(0,0,0,0,0.0,0.0))
((辽宁省,鞍山市),(0,0,0,0,0.0,0.0))
((河北省,衡水市),(0,0,0,0,0.0,0.0))
