((湖北省,荆州市),(0,0,0,0,0.0,0.0))
((江西省,宜春市),(0,0,0,0,0.0,0.0))
((吉林省,四平市),(0,0,0,0,0.0,0.0))
((广东省,揭阳市),(0,0,0,0,0.0,0.0))
((新疆维吾尔自治区,克拉玛依市),(0,0,0,0,0.0,0.0))
((广东省,湛江市),(0,0,0,0,0.0,0.0))
((海南省,海口市),(0,0,0,0,0.0,0.0))
((四川省,达州市),(0,0,0,0,0.0,0.0))
((四川省,眉山市),(0,0,0,0,0.0,0.0))
((山东省,泰安市),(0,0,0,0,0.0,0.0))
((云南省,迪庆藏族自治州),(0,0,0,0,0.0,0.0))
((贵州省,黔南布依族苗族自治州),(0,0,0,0,0.0,0.0))
((广东省,肇庆市),(0,0,0,0,0.0,0.0))
((甘肃省,陇南市),(0,0,0,0,0.0,0.0))
((安徽省,合肥市),(0,0,0,0,0.0,0.0))
((安徽省,安庆市),(0,0,0,0,0.0,0.0))
((福建省,福州市),(0,0,0,0,0.0,0.0))
((广东省,珠海市),(0,0,0,0,0.0,0.0))
((甘肃省,甘南藏族自治州),(0,0,0,0,0.0,0.0))
((山东省,滨州市),(0,0,0,0,0.0,0.0))
((河北省,廊坊市),(0,0,0,0,0.0,0.0))
((四川省,甘孜藏族自治州),(0,0,0,0,0.0,0.0))
((辽宁省,本溪市),(0,0,0,0,0.0,0.0))
((安徽省,阜阳市),(0,0,0,0,0.0,0.0))
((江苏省,盐城市),(0,0,0,0,0.0,0.0))
((四川省,成都市),(0,0,0,0,0.0,0.0))
((广西壮族自治区,防城港市),(0,0,0,0,0.0,0.0))
((安徽省,亳州市),(0,0,0,0,0.0,0.0))
((辽宁省,抚顺市),(0,0,0,0,0.0,0.0))
((云南省,西双版纳傣族自治州),(0,0,0,0,0.0,0.0))
((四川省,广元市),(0,0,0,0,0.0,0.0))
((广东省,东莞市),(0,0,0,0,0.0,0.0))
((北京市,北京市),(0,0,0,0,0.0,0.0))
((甘肃省,天水市),(0,0,0,0,0.0,0.0))
((福建省,泉州市),(0,0,0,0,0.0,0.0))
((广西壮族自治区,柳州市),(0,0,0,0,0.0,0.0))
((河南省,漯河市),(0,0,0,0,0.0,0.0))
((云南省,楚雄彝族自治州),(0,0,0,0,0.0,0.0))
((四川省,泸州市),(0,0,0,0,0.0,0.0))
((甘肃省,临夏回族自治州),(0,0,0,0,0.0,0.0))
((内蒙古自治区,乌海市),(0,0,0,0,0.0,0.0))
((四川省,宜宾市),(0,0,0,0,0.0,0.0))
((湖南省,怀化市),(0,0,0,0,0.0,0.0))
((香港特别行政区,香港特别行政区),(0,0,0,0,0.0,0.0))
((四川省,南充市),(0,0,0,0,0.0,0.0))
((黑龙江省,鸡西市),(0,0,0,0,0.0,0.0))
((福建省,龙岩市),(0,0,0,0,0.0,0.0))
((河北省,保定市),(0,0,0,0,0.0,0.0))
((贵州省,贵阳市),(0,0,0,0,0.0,0.0))
((山东省,德州市),(0,0,0,0,0.0,0.0))
